<?xml version="1.0" encoding="UTF-8" standalone="no"?>
<!DOCTYPE svg PUBLIC "-//W3C//DTD SVG 20010904//EN"
              "http://www.w3.org/TR/2001/REC-SVG-20010904/DTD/svg10.dtd">

<svg xmlns="http://www.w3.org/2000/svg"
     width="71.4475mm" height="39.9577mm"
     viewBox="0 0 270 151">
  <path id="Unnamed"
        fill="none" stroke="black" stroke-width="1"
        d="M 122.73,136.46
           C 122.73,136.46 120.19,134.12 120.19,134.12
             120.19,134.12 34.28,48.98 34.28,48.98
             34.28,48.98 27.50,42.00 27.50,42.00
             27.50,42.00 8.38,22.12 8.38,22.12
             8.38,22.12 5.62,14.25 12.06,8.94
             18.50,3.62 23.38,5.56 25.94,7.50
             28.50,9.44 47.94,28.56 47.94,28.56
             47.94,28.56 93.50,75.50 93.50,75.50
             93.50,75.50 134.88,115.75 134.88,115.75
             134.88,115.75 207.12,43.88 207.12,43.88
             207.12,43.88 241.75,9.50 241.75,9.50
             241.75,9.50 249.30,1.04 257.52,8.35
             265.74,15.65 260.74,24.13 259.00,25.91
             257.26,27.70 234.91,50.18 234.91,50.18
             234.91,50.18 196.45,88.73 196.45,88.73
             196.45,88.73 142.00,142.55 142.00,142.55
             142.00,142.55 140.65,144.48 135.52,144.91
             130.39,145.35 122.73,136.48 122.73,136.48" />
</svg>
