<?xml version="1.0" encoding="UTF-8" standalone="no"?>
<!DOCTYPE svg PUBLIC "-//W3C//DTD SVG 20010904//EN"
              "http://www.w3.org/TR/2001/REC-SVG-20010904/DTD/svg10.dtd">

<svg xmlns="http://www.w3.org/2000/svg"
     width="45.5147mm" height="35.4591mm"
     viewBox="0 0 172 134">
  <path id="Unnamed"
        fill="none" stroke="black" stroke-width="1"
        d="M 13.25,102.00
           C 13.25,102.00 7.27,102.00 6.27,95.09
             5.27,88.18 5.91,11.64 5.91,11.64
             5.91,11.64 6.45,5.09 12.82,4.64
             19.18,4.18 157.00,4.91 157.00,4.91
             157.00,4.91 162.45,4.82 163.73,11.00
             165.00,17.18 164.18,95.09 164.18,95.09
             164.18,95.09 163.00,101.45 156.73,101.82
             150.45,102.18 95.36,102.45 95.36,102.45
             95.36,102.45 103.55,118.91 103.55,118.91
             103.55,118.91 116.27,118.91 116.27,118.91
             116.27,118.91 119.00,119.83 118.78,123.70
             118.70,129.00 116.00,129.00 116.00,129.00
             116.00,129.00 53.96,129.00 53.96,129.00
             53.96,129.00 51.48,128.13 51.35,123.87
             51.22,119.61 53.87,119.00 53.87,119.00
             53.87,119.00 65.82,119.00 65.82,119.00
             65.82,119.00 73.94,102.00 73.94,102.00
             73.94,102.00 13.31,102.00 13.31,102.00" />
</svg>
