<?xml version="1.0" encoding="UTF-8" standalone="no"?>
<!DOCTYPE svg PUBLIC "-//W3C//DTD SVG 20010904//EN"
              "http://www.w3.org/TR/2001/REC-SVG-20010904/DTD/svg10.dtd">

<svg xmlns="http://www.w3.org/2000/svg"
     width="43.6623mm" height="59.2749mm"
     viewBox="0 0 165 224">
  <path id="Path"
        fill="none" stroke="black" stroke-width="1"
        d="M 85.62,189.12
           C 85.62,189.12 96.00,188.75 96.56,198.50
             96.00,208.19 86.75,207.88 86.75,207.88
             86.75,207.88 78.75,208.38 76.75,199.06
             76.81,189.81 85.62,188.94 85.62,188.94
             85.62,188.94 85.44,189.19 85.44,189.19M 76.94,190.19M 26.00,200.67
           C 26.00,200.67 25.33,17.00 25.33,17.00
             25.33,17.00 27.25,4.00 41.50,4.00
             55.75,4.00 130.50,4.00 130.50,4.00
             130.50,4.00 145.25,4.50 147.00,17.00
             148.75,29.50 147.75,202.50 147.75,202.50
             147.75,202.50 146.75,214.25 133.00,220.00
             124.25,220.00 41.75,220.00 41.75,220.00
             41.75,220.00 24.50,219.62 25.75,201.12" />
</svg>
